B cell	T cell CD4+	T cell CD8+	Neutrophil	Macrophage	Myeloid dendritic cell
A_1	0.141496684527933	0.148627119203158	0.389817344268314	0.174294271998339	0.239087293654621	0.686686991295442
A_2	0.0672267627746867	0.109588749372965	0.129443914828095	0.122500464455777	0	0.449610890682606
A_3	0.127668353117444	0.269582686004015	0.413697073254157	0.25220290124609	0.290920019284678	0.814026540894047
A_4	0.0800503258797679	0.218189462925639	0.22970826976176	0.198852037322007	0.419520640878073	0.642576116145909
A_5	0.0450404368540352	0.136171493727427	0.10774628757134	0.111776871006581	0.0628146939023714	0.506415224298515
A_6	0.154801690217231	0.200035445626121	0.418257110795858	0.179020453183205	0.072382501961153	0.661553407669163
A_7	0.0967723230174736	0.106627392045039	0.182984347922396	0.103198628472928	0	0.475361742757346
A_8	0.0551346625421863	0.103246239277883	0.15793672888731	0.0947139802989633	0.0417022718244581	0.404444240393443
A_9	0.0646185182691927	0.142117123317557	0.167799539238303	0.0989951073883615	0.0595018954411697	0.428598786532854
A_10	0.0551484943919406	0.135139185026489	0.232130264155927	0.131672329257825	0.0622985559997964	0.559149417763319
A_11	0.147114043167026	0.195157854390081	0.269812244807144	0.19557645634819	0.15847931360196	0.756778509613372
A_12	0.175846326351966	0.0651502127258217	0.655288097012687	0.215947654929434	0	0.726253868017244
A_13	0.0542630995930833	0.0739737635812883	0.14557878239104	0.0828206451626714	0	0.407125707601029
A_14	0.247259843458999	0.0697674978087429	0.197084248555745	0.14373454861589	0.170625690411923	0.656176135759492
A_15	0.0518073235426288	0.0844213291436268	0.126551864447906	0.1098560592312	0.0359155150071843	0.443810197506803
A_16	0.0534577776228872	0.0705246106346404	0.133449708586873	0.0741689306237409	0	0.355883793653593
A_17	0.0385219902112112	0.187103251606358	0.694855153098354	0.189888464746126	0	0.69244389466079
A_18	0.0514407177067498	0.103088968470536	0.14699003677195	0.0977432359727776	0	0.435600161996855
A_19	0.0385865949135768	0.0523858543918918	0.180776282507627	0.092908116811003	0.114228950836498	0.615496024821322
A_20	0.139034403089856	0.138263894815929	0.2554624867052	0.184641388234273	0	0.754651007688916
A_21	0.0967133998310296	0.173110007585609	0.179506673188961	0.172655818682489	0.0674272010025913	0.688076957528392
A_22	0.0322977467493645	0.239064467352381	0.206613123137653	0.137248141638894	0.112037359204659	0.609955691251558
A_23	0.0186802364852253	0.0525136639364841	0.136663358040293	0.104968599954632	0	0.718696787336001
A_24	0.0672724499245145	0.0643314189874473	0.16712579091355	0.0866671600250194	0	0.441009300236799
A_25	0.0682292570656446	0.0955275689954235	0.149612020692307	0.109000415275092	0.117010339154879	0.431546977210753
A_26	0.125980643952758	0.203520768609749	0.227502433986429	0.260812591960157	0.202471042873313	0.652594779170717
A_27	0.146919430301565	0.0878524169686156	0.229281032619102	0.134043787819739	0.000681629991412926	0.589289721627866
A_28	0.0290397199924217	0.130457637644642	0.0788344707328466	0.0883736045987434	0.347132432972623	0.461265549630888
A_29	0.102673891422673	0.120542867367623	0.215756103799235	0.183281558411531	0.0520166288160019	0.596229516069647
A_30	0.108623266691276	0.0870182774803289	0.390463798367192	0.143506727200299	0	0.508361014825519
A_31	0.120601473960605	0.0751838882193536	0.275791000860703	0.209710124225319	0	0.671357682238679
A_32	0.0529145045007081	0.145307879577944	0.176869663815397	0.123004154811899	0.0422924362249627	0.440174755722154
A_33	0.0996674676939536	0.137749282220332	0.191084576277214	0.171721779886463	0.0968595254998745	0.630986343408045
A_34	0.0530531501387369	0.083477472329562	0.160073014232601	0.117298633361491	0.0252262207980111	0.432781716700248
A_35	0.0808361145089534	0.110428376431323	0.189523824981888	0.102667397898093	0.0316982402301811	0.575169671009607
A_36	0.0541726137908607	0.0909276631765018	0.124287322765664	0.0900653748847757	0.013310888479413	0.403786318847695
A_37	0.118147305902418	0.152440167860207	0.317259072771972	0.234819477975472	0.18381086041513	0.895951265109535
A_38	0.0747576326412344	0.245881835729206	0.304494927810693	0.157130771835018	0.0453898453673999	0.660099977198167
A_39	0.0599102324501451	0.128634060559606	0.138839880851326	0.104041583344024	0.145107957230411	0.505539112664397
A_40	0.0812103412438062	0.0770398215194988	0.34805745477008	0.156392282519794	0	0.754080533202114
A_41	0.101234390401295	0.128146540004222	0.191113232175603	0.107942050423025	0.0336599008472338	0.509333534856125
A_42	0.0399233949326134	0.111664554951292	0.149618588456404	0.0921165406717669	0.0131161218939046	0.425233446381984
A_43	0.0503812451018763	0.0776049138127343	0.139348224390375	0.0856843016745836	0.0328318582318747	0.401836494004751
A_44	0.055367157942031	0.0898977622978483	0.128779915003962	0.0784714450835415	0.0199860218981319	0.385755496839333
A_45	0.0554280642656625	0.0637999903464295	0.150505125538349	0.0733408355297527	0	0.38920578339206
A_46	0.0532448370706871	0.125352227123907	0.155496512775532	0.107941608491369	0.0712612282367554	0.470601276481494
A_47	0.0414871225623641	0.0793527454981291	0.129719190290353	0.0861831239503866	0	0.342133093884518
A_48	0.283415041032133	0.0898107759497158	0.309201176618448	0.336218168885373	0.0129614329820115	0.966898105868164
A_49	0.127092784634404	0.1455844590718	0.37882392239432	0.178548103906549	0.0770265011831213	0.883083374644469
A_50	0.0402532470195954	0.0978154921981533	0.154659805904979	0.0889147825012557	0	0.420125610322038
A_51	0.0656311432356685	0.29422968419824	0.362237090242541	0.172959855286201	0.219360009432312	0.645168320660546
A_52	0.0482012234216824	0.064419255047473	0.125260613906185	0.0878660158445157	0	0.418571324600288
A_53	0.12763688761938	0.142936743005758	0.369503783999049	0.25927405490578	0.00246699607885346	0.725830064515381
A_54	0.0383618799552148	0.072661326878015	0.12596999741039	0.104781363217856	0	0.379178733456059
A_55	0.0507753145456839	0.108795998332619	0.187492013518541	0.121730047388318	0.0415838335034037	0.528722161850084
A_56	0.0716350090296032	0.101706589298765	0.160167330222741	0.100448884328736	0.0238841960779693	0.415381733592999
A_57	0.0509046384591933	0.136891273257355	0.138628009622935	0.111925183244099	0.00641531215342017	0.442412646493447
A_58	0.0797124254290716	0.183213418866012	0.235370402680862	0.130249376246236	0.104057255878065	0.613756273500616
A_59	0.0383443773113328	0.162523218170183	0.100720661640347	0.095780687274606	0.0319223854668621	0.434267526598812
A_60	0.040177010544716	0.0900041473580367	0.136632257167064	0.100018937412339	0.0113126319243445	0.480076283399589
A_61	0.0689672586899503	0.0932771502188092	0.187165769373685	0.116810826359175	0.0299844584535953	0.457650934334875
A_62	0.0581682461474901	0.0851945273949399	0.172895987487063	0.105487673197408	0.00821066464668751	0.461800259396105
A_63	0.0488258761327169	0.171322677431716	0.082788973091295	0.0932610394852345	0.0454753741826207	0.413121165050703
A_64	0.0479153632903251	0.12278894376201	0.160147929321248	0.107280539561036	0.0720043233335114	0.46738389547537
A_65	0.156485069507881	0.202675806026133	0.328287462905208	0.192408396193854	0.0808794267561742	0.679525685881524
A_66	0.0433298891526939	0.0736180012362953	0.131304177270199	0.0835095459829406	0	0.353149938234542
A_67	0.0651223489985039	0.108493771702732	0.155345941091068	0.0925244352499359	0	0.446552646028471
A_68	0.0473609454808796	0.10626819805055	0.14519762522445	0.0898138777258174	0.0204107341159654	0.392291220834878
A_69	0.110178733589584	0.186564783791629	0.234621053672697	0.121316423857855	0	0.585751151914145
A_70	0.0646616998315803	0.0865120095886722	0.149737713601378	0.0838565934000553	0.10410977767491	0.440665743827701
A_71	0.0644641613987281	0.130817946192317	0.31151156811219	0.176575106920805	0	0.721073824118957
A_72	0.0435826368444781	0.115801997837972	0.135936589895136	0.0876445062659577	0	0.425351779214866
A_73	0.0326285881591939	0.346649640919974	0.180833497000808	0.167138738980647	0.0908441116619588	0.527654466767681
A_74	0.119647554612016	0.209952736548476	0.0939608381939858	0.165698503470748	0.152196833468281	0.558644562935479
A_75	0.192404735772983	0.316632456906356	0.386972103484174	0.276293771219897	0.116173340797498	0.766115680737594
A_76	0.0372083190911773	0.116930854763551	0.150391298936203	0.110037252461631	0.0244452684639717	0.483608769666228
A_77	0.0429508656502098	0.122412500578341	0.233851047241683	0.128337479082258	0.0620954222997013	0.51241453159258
A_78	0.158593480184892	0.187110945554972	0.307133043733929	0.158798174934288	0.0485920371048215	0.606786295834624
A_79	0.0535511438222447	0.0803280515349612	0.142402507029159	0.0996514196475642	0.0156161485803134	0.458933318260708
A_80	0.0900982853277159	0.14809817410971	0.182486989845208	0.109692680383024	0.0206721449171394	0.46878943057431
A_81	0.0419489234350417	0.123955453484639	0.158957496836553	0.113067634057032	0.00400156955501311	0.471823552700852
A_82	0.0755450436807226	0.156243912606014	0.199020188685064	0.14001121278554	0.0917755836097763	0.746437568492992
A_83	0.122970678377217	0.112642932195166	0.44444348698435	0.206634119788053	0.182101499471264	0.667192310310276
A_84	0.0821245255483113	0.0970069896576631	0.123269449745617	0.10418456097585	0.0159488224473284	0.399355282065294
A_85	0.065629943239161	0.0709421429562723	0.138030589132481	0.0801526010460842	0	0.533295400047208
A_86	0.063011325257761	0.124527915826936	0.196328740640885	0.112267068380658	0.198691381044006	0.505088438091189
A_87	0.134115210293306	0.209914388207848	0.35820146644832	0.243737962185711	0.0709925884756321	0.800971862738397
A_88	0.081850288191768	0.108173471586305	0.184168078280693	0.11600651321002	0.0322006209087723	0.455713867282829
A_89	0.045299510425207	0.085138579942422	0.180816653655362	0.0994189512281028	0.00288860848413941	0.43760822117897
A_90	0.136816499143	0.189167446573118	0.267888187383968	0.149757134999211	0.203610062182933	0.557790265899695
A_91	0.0570841325124184	0.236121819074388	0.326727021445606	0.136803785077618	0.0913063276891294	0.540280464026631
A_92	0.183396022418739	0.23818423954782	0.699497396104972	0.172354768649872	0.419061900956513	0.685757969202995
A_93	0.190540553971593	0.426474196948037	0.265429334246833	0.177443489566018	0.0853228660207568	0.601755334882194
A_94	0.0640339502681146	0.111401095657825	0.152380651424205	0.107293184512422	0	0.467669405308849
A_95	0.0577396823301231	0.0867321416713705	0.144516139265772	0.0893976233629212	0	0.419578590009308
A_96	0.0603027572304105	0.0717356732113672	0.153100787655031	0.0969325350370998	0	0.444885602638761
A_97	0.0684247729026619	0.0892692859567908	0.112730561532674	0.13714938570377	0.00431726679264413	0.437282824879429
A_98	0.0564115178961165	0.101994081860858	0.20043545022335	0.106373206459849	0.0283783857083648	0.490631960887345
A_99	0.0518485314378363	0.0924844795000437	0.0962725928110919	0.0832036028125385	0.0100730287870071	0.369457943539139
A_100	0.264234214090046	0.333402479623181	0.748838854187893	0.339666366119423	0.1169510401763	0.846162765508932
A_101	0.0480681579724685	0.0836566525619096	0.160324360099623	0.09251916438426	0	0.438360715333239
A_102	0.0566442133241146	0.0703475436856732	0.190979691216716	0.0713230903023635	0.0239102202002913	0.462214164726791
A_103	0.0689720875970155	0.0704078562491776	0.163615347704816	0.107246093378042	0	0.427424246468298
A_104	0.0950894990256477	0.143602341568273	0.112723718446834	0.106608586225089	0.0530322415355722	0.461763016395089
A_105	0.198520378223183	0.249714596689247	0.117761237877745	0.197970139274666	0	0.619983711605226
A_106	0.0273247057385576	0.0718995835804077	0.110593307007932	0.0837933279179249	0	0.32380208377214
A_107	0.0749973270400415	0.186291675818449	0.246659342823774	0.124590377120637	0.0524652139587944	0.574270716134645
A_108	0.0451312084075267	0.151051455139098	0.148791542071889	0.129150476396227	0.0509746658006378	0.513892514905019
A_109	0.065091156500646	0.123011987636966	0.152219898851572	0.099227542754077	0.0396270341574755	0.428125370335222
A_110	0.0541721732267238	0.0778759552016893	0.130060221612862	0.0748387298161675	0	0.377883076901036
A_111	0.0557947581676157	0.0706511337695832	0.129478704556325	0.0853265435108278	0.0401315498338619	0.423373601856412
A_112	0.0465043125825515	0.136058863610336	0.181852359568759	0.135344289696207	0	0.469233693036477
A_113	0.0377007532975208	0.0727896908299073	0.123565510125846	0.07434038287751	0	0.347301047330259
A_114	0.0539704480800594	0.102077487975491	0.194048450752356	0.11319811435252	0	0.441737484448827
A_115	0.0639913669701714	0.124411054284802	0.193579398828347	0.121754552778599	0.0220709068536505	0.477531269811268
A_116	0.0440324086668206	0.142319354069899	0.0649674726138161	0.111089893553292	0.0140366675727538	0.383600279501691
A_117	0.100174505921528	0.0992359540333911	0.121650251117119	0.0997520669781743	0	0.432906582771602
A_118	0.0575993351462694	0.131727269076241	0.119711788669269	0.0908058527224759	0.00608288249843981	0.403046830387378
A_119	0.0670476511380097	0.0503697883024279	0.15806745652928	0.0637499989753249	0.0788087165714843	0.51645726622218
A_120	0.0633814240074692	0.0972607358762495	0.209552809442772	0.11400736755833	0	0.494955027214537
A_121	0.0649408462065266	0.106164780571029	0.202095536382048	0.177420224266785	0.108860819107349	0.62688157718042
A_122	0.0473594641815765	0.0867198180026641	0.127988296685066	0.0815182881500456	0	0.382163267702537
A_123	0.0778891936079	0.157649359072097	0.205945761810246	0.12260250222722	0.00790750341867928	0.510148491487304
A_124	0.0694254180959571	0.137908103776703	0.193489079291649	0.124752256358623	0.0337257753726913	0.532696213430907
A_125	0.02869558563361	0.060145827944061	0.141494178749758	0.0493635237708714	0.103615098584018	0.563004037322958
A_126	0.0870869364404585	0.108530179389727	0.200858935551145	0.118080908284984	0.00694612033396987	0.557797399321518
A_127	0.0501621621960875	0.125304227139768	0.0784978538738756	0.0852932631400458	0.00072474094579195	0.386760976668127
A_128	0.0515292364634732	0.105410598415976	0.140125680372887	0.0846762553773963	0.0076651204819023	0.421278070588433
A_129	0.124529035318439	0.113045391276105	0.310877803521251	0.15440183078989	0.036248489838742	0.637710381714945
A_130	0.0610248325182327	0.0699750447994953	0.206591873767531	0.125365788598451	0.00760373922500138	0.472734482059079
A_131	0.105878141602925	0.118958069031739	0.118419939212388	0.0909985125990189	0	0.583056814434073
A_132	0.0494080005707731	0.0703480734407474	0.149561621740854	0.0848539821602443	0	0.385533571240098
A_133	0.186060637320914	0.0672445809348601	0.463620518269639	0.207885411546941	0.0665964174502045	0.692586576830239
A_134	0.069308286733626	0.126272068157016	0.154664487795515	0.118938480919319	0.0925660277471545	0.484507560661077
A_135	0.0467477626227462	0.146513816609991	0.178110771374149	0.111482000482382	0.0419149900097986	0.45471263321899
A_136	0.0724303559869478	0.0970587812780507	0.20967617878574	0.104195565200994	0.0513838713179364	0.482111668842509
A_137	0.0382381261046181	0.0943219638711672	0.166762449870738	0.102542432980511	0	0.426011684177863
A_138	0.0561189800835424	0.0969446218865922	0.157045594678351	0.0895207828929307	0	0.411845366015034
A_139	0.0509856672141809	0.141809704609181	0.169362715500172	0.101998371787316	0.0170983058992205	0.403747886448395
A_140	0.0915692421908094	0.110966433819343	0.107691015262826	0.078476596295186	0	0.387770901018506
A_141	0.195514496547483	0.0578809899460733	0.218242928455597	0.105535037736043	0.00685215317187514	0.712424334126229
A_142	0.0529815781312507	0.0627423919992271	0.278032806067667	0.117394391149952	0.0401658323521024	0.651289317582043
A_143	0.0657725179029996	0.078284563290551	0.126157577842535	0.0743849740421553	0	0.396171327116471
A_144	0.0678730689778485	0.110138850239038	0.142563328761578	0.0998305028340297	0.0144042052246214	0.482230332126222
A_145	0.0672434526510466	0.0856030533083676	0.1479271989939	0.080188673974021	0	0.380603975505857
A_146	0.0663736383369844	0.143706536456296	0.154273345226775	0.100248445908217	0	0.511920683357967
A_147	0.0801393029924488	0.0918611882977651	0.169802177611282	0.117292817897555	0	0.442516316571651
A_148	0.0973356506089125	0.0553524861837852	0.210284736122708	0.136691407179623	0	0.600185608233585
A_149	0.0825096891713573	0.143973332094387	0.178992795403512	0.0979438718378995	0	0.442658285076704
A_150	0.0844369592716403	0.134883061092332	0.329745220828481	0.172633483377224	0.170131236749637	0.702855510226404
A_151	0.0483254086922633	0.0769997285029021	0.127323431912243	0.0693944405099421	0	0.367394805831094
A_152	0.0922817207665504	0.238459357170103	0.220026191217514	0.130744190829974	0.0992630251629543	0.556334869403996
A_153	0.0520305768428015	0.123679843561258	0.163642972798085	0.119007407054356	0.0166831182022754	0.477340517339972
A_154	0.0819799212368672	0.0938848046539212	0.255406125606902	0.125829337637487	0	0.533939452043503
A_155	0.0656931478848981	0.124592044889037	0.148790649846239	0.0965679262424652	0	0.429110692812197
A_156	0.054961407414668	0.0833902994914365	0.128401474244924	0.0825431584510165	0.00669634738631553	0.406084699140497
A_157	0.0708253992050477	0.15928446573674	0.160072152035104	0.140405328386537	0.11202006764438	0.516369804029579
A_158	0.0604249823621151	0.135579507148029	0.149929098303587	0.110176539982087	0	0.510439596985312
A_159	0.107864818677516	0.108891571762429	0.13309896514764	0.107624484805701	0.057172846411129	0.472858614298433
A_160	0.0649909498952814	0.189733657138616	0.26826796219687	0.152105935216451	0.131928312707229	0.630147825891009
A_161	0.0466070800524438	0.0538501853021445	0.185546247514725	0.084627958697554	0	0.373210921919404
A_162	0.0800572926341523	0.138953924717469	0.225426042295748	0.110501267952309	0.0609351297928685	0.52074239031366
A_163	0.0556502415434742	0.0933504785389236	0.141056028761357	0.107051631057786	0	0.530318734628688
A_164	0.0683468195585914	0.137632741312076	0.180000980866739	0.101570177475865	0	0.437557576077602
A_165	0.0381754000603878	0.115159346990148	0.157549216148202	0.0966273213807185	0.0086803082349617	0.449524613475375
A_166	0.063238688820823	0.185302614750429	0.140871030961705	0.118710044109434	0.0301183956149759	0.496676515024851
A_167	0.0439453409763526	0.392982498602312	0.184628031360403	0.178670696915821	0.217411706432123	0.657301098694431
A_168	0.0994517013173875	0.123490714080039	0.188104844949229	0.0949162022914791	0	0.455146629705318
A_169	0.0563392227404881	0.110672223283172	0.146555373011228	0.0908029295910901	0	0.408948449408779
A_170	0.081882888584077	0.137183735253893	0.311559418900857	0.13374583821637	0.0316512406792111	0.514505428024175
A_171	0.0471412060312104	0.110777198999052	0.157389483312036	0.125723625797496	0.0110739139021465	0.472779840131763
A_172	0.0556351967562835	0.10387813211071	0.141236962288136	0.089902211117362	0.0247972658218118	0.458517738558112
A_173	0.151844831487189	0.106666133786491	0.317518684278508	0.153309946311717	0.0275466289756293	0.634504811472195
A_174	0.103813839815459	0.155863436100672	0.131670285963402	0.127369383010172	0.200972873838934	0.504859393151313
A_175	0.0707209844786811	0.192224460249701	0.210114300339185	0.209943300004697	0.0424355265624087	0.696907943598772
A_176	0.120208005545665	0.0914850497034674	0.177943227129947	0.144590967981691	0.0148275334415062	0.47990255314748
A_177	0.0504828398798431	0.0757501194810443	0.13334369909275	0.0776316105095505	0	0.363906966767385
A_178	0.0898109095610442	0.127652144736253	0.196567896028639	0.153039701791647	0.113726513915777	0.562751102092389
A_179	0.0542470615995018	0.0868471618950448	0.119189453111978	0.0745350737690695	0	0.373971861116576
A_180	0.0622044256103154	0.120572831529749	0.139488332840886	0.0942961687587785	0.0115468800161518	0.440370796724758
A_181	0.0516042855221959	0.385064674540711	0.115831755305146	0.207076280619097	0.11467787415259	0.658185717691366
A_182	0.0628928301381364	0.102214196335491	0.162383074487865	0.0884306113149305	0	0.420092430034757
A_183	0.0839469841602949	0.234877709846345	0.230033610989169	0.13270245265678	0.0473369413930015	0.519371525707255
A_184	0.168187792887717	0.0938868352751898	0.36334194423184	0.214019806222716	0.0755577041217677	0.663608743001857
A_185	0.0538372581588224	0.138429137171146	0.141493037200881	0.0975362718164866	0.000580291013154393	0.454056687041202
A_186	0.0574929713394396	0.0861961296921827	0.132882103755629	0.084405727023266	0	0.418666124278888
A_187	0.0702293596597933	0.09272949572464	0.196333404151991	0.120698278622219	0	0.498390459850289
A_188	0.0606933972010699	0.0839852470747638	0.134340637622539	0.0887884095270949	0	0.418478552728969
A_189	0.00879946038947826	0.0424059415829658	0.124458285074541	0.0458657231148152	0.143713423746148	0.485142626509943
A_190	0.0670357717764098	0.115216564924335	0.13853732173223	0.0989265312990546	0.00802926360302368	0.493765569770306
A_191	0.290457140515677	0.287510274802137	0.179823025392652	0.235616700278466	0.135711702548987	0.735012351095595
A_192	0.0487743135755137	0.109400244541803	0.177053706590643	0.0853557959918981	0.00915354648684739	0.430657154375782
A_193	0.0518057800039313	0.078957755336032	0.177414570638442	0.100992286278517	0.00145408657897281	0.396219705222296
A_194	0.105042990099713	0.171601883230987	0.264471152964163	0.14644072602394	0.0938035084986909	0.663605198877846
A_195	0.16131060898221	0.167621673421655	0.14981988293165	0.26685453564292	0.108213107483272	0.694888286880165
A_196	0.0808001716963483	0.204048600890892	0.21968339093915	0.143084498312385	0.0951446103174094	0.621744746795321
A_197	0.0843969084978752	0.115011064405217	0.153610448528633	0.0965389384556867	0.0409077104117653	0.508101012363471
A_198	0.0849478910240762	0.114572142124666	0.182810110940508	0.109165312238148	0.0658139128076252	0.464998459519272
A_199	0.0397713557021095	0.0843061748399413	0.141989245608562	0.0945760808707434	0	0.382231020627138
A_200	0.11046721012493	0.125678658127692	0.18941712984882	0.116944317620591	0.086493267837121	0.568107336007073
A_201	0.0649320192644712	0.177615774972067	0.179750863712788	0.111279159479734	0	0.472091960022427
A_202	0.0343784124181184	0.178009214407703	0.148134249221143	0.114248399254975	0.0940390532137115	0.497931652244539
A_203	0.0411023808602273	0.0774979794844124	0.127171951014808	0.0920152722527318	0	0.486791557620338
A_204	0.066677719676554	0.148579440981568	0.177738137016237	0.172447944522008	0.131234305270288	0.637211157175836
A_205	0.0745183831286638	0.151838672130506	0.210227755188995	0.139652839811354	0.111352632804147	0.513873877459784
A_206	0.0546960067544	0.141074933843775	0.142849352932954	0.110815957641553	0.0799302284455533	0.474261298276145
A_207	0.146776672616035	0.0887899157672602	0.226667299063835	0.117077728429464	0	0.685870195899331
A_208	0.994621713022407	0.785893054331219	0.728591486623981	0.262893936765271	0.0576477349940447	1.03016571606306
A_209	0.1789550753868	0.108608053167827	0.257103341682321	0.122757635809891	0.0172085820781931	0.576442445648626
A_210	0.0784102444146164	0.130070064369439	0.294518074234098	0.155426013510056	0.0286904627140188	0.542835207366185
A_211	0.0483883430039936	0.116147560177555	0.0947758926453542	0.0998341783355955	0	0.414300305130459
A_212	0.0662086137250516	0.0960226524837862	0.118835793109231	0.080215183983664	0	0.40485187943929
A_213	0.114047749180274	0.111265096486597	0.24461558104339	0.127136505455953	0	0.477046546714936
A_214	0.0766947158184442	0.0909153412911355	0.403891660972262	0.212630615328599	0.0826566132160594	0.771297468499099
A_215	0.0390830338708958	0.116290278939495	0.143383971134098	0.0839015627340056	0	0.378715866719859
A_216	0.0610522525327597	0.0755292695258435	0.149666261914474	0.0963945898094986	0	0.389963092361636
F1_1	0.126316731862788	0.0998582296946172	0.133523196639334	0.109765021945486	0	0.462126440573409
F1_2	0.161253249689381	0.111390061733313	0.177799370118026	0.13174545142673	0.0895939984142844	0.591736774409232
F1_3	0.0941162752204397	0.10586270214901	0.177572008277913	0.132785911585032	0.0201886706943871	0.51821486729775
F1_4	0.0467038536419072	0.0763451927964633	0.125892921441447	0.10651216880392	0	0.36469231353943
F1_5	0.111053548851282	0.238562053816796	0.34750887753982	0.200285882643533	0.183775520876649	0.610217825104831
F1_6	0.152677741559174	0.134141793555327	0.158714749531296	0.194860825128165	0	0.589719365510818
F1_7	0.0543419060563984	0.0938751527580264	0.139077596344891	0.0992097967233647	0	0.428825429801173
F1_8	0.0651422181317098	0.0589785142147224	0.149004963835364	0.0782396998408239	0	0.395683445484512
F1_9	0.131069380274526	0.198424065519377	0.282886545160495	0.134554762780101	0.0146962163348418	0.595337488947119
F1_10	0.0901399438839846	0.0915149145457288	0.15962310663661	0.20097931433546	0	0.428044853843544
F1_11	0.0391279264293984	0.10264288914722	0.136272591347469	0.0856715706049441	0.00902275684292279	0.419302484461572
F1_12	0.0694740151605916	0.0733487567322388	0.132216134774997	0.0918921044639088	0	0.45345622645106
F1_13	0.0485662446747182	0.100150692151719	0.108014466903241	0.1103233313515	0.0296185042564384	0.436318814468038
F1_14	0.0571874834563085	0.106096899818246	0.176744069464039	0.0932798063568732	0.0533053011640343	0.460586089118316
F1_15	0.0577689558363216	0.104623345206574	0.14901298877115	0.0975510176816321	0.00469084555392122	0.415278547894076
F1_16	0.0528780044904004	0.102034344392004	0.157945959915763	0.0992171525394489	0.00290357155245113	0.410925740639808
F1_17	0.0454877892487484	0.0940466226163204	0.172355476434919	0.0846964542466375	0	0.401552019002171
F1_18	0.128860956209703	0.0598119222116328	0.170652651813482	0.111797500150132	0	0.545534320625287
F1_19	0.195477227271697	0.108368665537933	0.19471490742412	0.160292265806222	0	0.534007593020537
F1_20	0.0750408841775635	0.111785059268407	0.119247519118953	0.0897242287791741	0	0.421016547234553
F1_21	0.0551594945821552	0.0913636904898579	0.143583483907481	0.0973440450633973	0.0479639125559055	0.449558222927978
F1_22	0.134620109444365	0.0640967593850404	0.172259705113758	0.0740825451188881	0.128482254617793	0.496583963863791
F1_23	0.058766110863601	0.128301015172684	0.163690564969964	0.096670681981506	0	0.449785231987962
F1_24	0.082530005203828	0.172723271148734	0.221386070865769	0.137913863661878	0.0414392114357084	0.502000557806849
F1_25	0.0630517856962903	0.158163208040377	0.163445320049388	0.110338363350592	0.0399589046110254	0.466508475764031
F1_26	0.0409069949443951	0.0978343129422963	0.147388061262031	0.109442109088951	0.0311359379604827	0.470199701983441
F1_27	0.0718161449739753	0.259231109179893	0.189581289410911	0.162028161707477	0.0936728927999569	0.590725232570844
F1_28	0.0921389665606839	0.149927955527273	0.282732713845071	0.147234224272587	0.0819195492994906	0.560071280471966
F1_29	0.0428808658344118	0.0850638216257639	0.116319014620362	0.0894471923852571	0	0.351100020832559
F1_30	0.0986409880408837	0.207223999300471	0.529925260177464	0.27793566996249	0	0.704881451845059
F1_31	0.0562290744078228	0.0761597956331788	0.170751903680149	0.0918527745626344	0.00460685251865937	0.435079292525696
F1_32	0.0914018115441249	0.0762050570386577	0.196527444111691	0.108703580586382	0.0662853794887574	0.587540791379467
F1_33	0.0532766114648202	0.0929570769904081	0.125247708008236	0.10227108301534	0	0.417030907046171
F1_34	0.0921988658712416	0.110291938198112	0.223448005632086	0.11748155201157	0	0.476055054705942
F1_35	0.00828940277768914	0.130554408328483	0.140307308527838	0.144563698802686	0.003582553951658	0.570851205891942
F1_36	0.0430356927458289	0.103817097556667	0.136652126439441	0.0805003641010719	0	0.375333332000312
F1_37	0.0507715746108176	0.0992036775128557	0.110947924568954	0.0922251955418944	0.00422308795493756	0.402101730067372
F1_38	0.0528931643564755	0.0743593093837376	0.131284857081022	0.0830360877980758	0	0.401097015132416
F1_39	0.0473270282808986	0.117560848699965	0.139704135563341	0.11468606048007	0.115361089679064	0.450516961930235
F1_40	0.213525791803021	0.15028236501338	0.421563124503427	0.172020696855439	0.0459938629877357	0.737629865126106
F1_41	0.0976520614563032	0.129990370867115	0.251196411330261	0.158418065161568	0.0259949302505516	0.588871675205993
F1_42	0.0581360128351269	0.0913581495742207	0.216355223037366	0.113587248690204	0.00770161672145185	0.478481896145129
F1_43	0.0969949731701618	0.0521819098903714	0.228517769140449	0.138179104126013	0.0431657269136985	0.522784080743407
F1_44	0.0401769964522117	0.0986771529523404	0.0928017812155269	0.0790131038696817	0	0.350416255340325
F1_45	0.11253696347838	0.154712881594626	0.17032162191886	0.173022588711643	0.0817734734076485	0.608928762487341
